%YAML:1.0
# 原点
dst_0: [0, 0]
# 收银台
dst_1: [-3.02, 0.051]
# 报纸
dst_2: [5.30, -1.40]
# 体育用品
dst_3: [0, 0]
# 电子产品
dst_4: [4.90, 1.79]
# 时钟
dst_5: [4.90, 1.79]
# 药品
dst_6: [5.57, 0.11]
# 玩具
dst_7: [2.09, 1.69]

dst_8: [0, 0]

dst_9: [0, 0]

# 收银台中转1
dst_10: [-0.97, -0.07]
# 收银台中转2
dst_11: [-1.49, -0.96]
# 收银台中转3
dst_12: [-2.81, -0.120]
