%YAML:1.0
dst_0: [0, 0]
dst_1: [-3.02, 0.051]
dst_2: [5.30, -1.40]
dst_3: [0, 0]
dst_4: [4.90, 1.79]
dst_5: [4.90, 1.79]
dst_6: [5.57, 0.11]
dst_7: [2.09, 1.69]
dst_8: [0, 0]
dst_9: [0, 0]
dst_10: [-0.97, -0.07]
dst_11: [-1.49, -0.96]
dst_12: [-2.81, -0.120]
